[BLOBNODE 0]
IsOperator=1
AffineScale=(1.000000, 1.000000, 1.000000)
AffineRotate=(0.000000, 0.000000, 0.000000, 1.000000)
AffineTranslate=(0.000000, 0.000000, 0.000000)
OperatorType=UNION
ChildrenCount=2
ChildrenIDsUseRange=0
ChildrenIDs=(1, 6)
[BLOBNODE 1]
IsOperator=1
AffineScale=(1.000000, 1.000000, 1.000000)
AffineRotate=(0.000000, 0.000000, 0.000000, 1.000000)
AffineTranslate=(0.000000, 0.000000, 0.000000)
OperatorType=BLEND
ChildrenCount=2
ChildrenIDsUseRange=0
ChildrenIDs=(2, 3)
[BLOBNODE 2]
IsOperator=0
AffineScale=(1.000000, 1.000000, 1.000000)
AffineRotate=(0.000000, 0.000000, 0.000000, 1.000000)
AffineTranslate=(3.429858, 3.681184, -0.505838)
MtrlAmbient=(0.300000, 0.000000, 0.000000, 1.000000)
MtrlDiffused=(0.600000, 0.000000, 0.000000, 1.000000)
MtrlSpecular=(0.800000, 0.600000, 0.600000, 1.000000)
MtrlShininess=32.000000
PrimitiveType=POINT
position=(0.000000, 0.000000, 0.000000)
[BLOBNODE 3]
IsOperator=1
AffineScale=(1.000000, 1.000000, 1.000000)
AffineRotate=(0.000000, 0.000000, 0.000000, 1.000000)
AffineTranslate=(0.000000, 0.000000, 0.000000)
OperatorType=BLEND
ChildrenCount=2
ChildrenIDsUseRange=0
ChildrenIDs=(4, 5)
[BLOBNODE 4]
IsOperator=0
AffineScale=(1.000000, 1.000000, 1.000000)
AffineRotate=(0.000000, 0.000000, 0.000000, 1.000000)
AffineTranslate=(2.649415, 3.077936, -0.306505)
MtrlAmbient=(0.080392, 0.092157, 0.300000, 0.500000)
MtrlDiffused=(0.160784, 0.184314, 0.600000, 1.000000)
MtrlSpecular=(0.832157, 0.836863, 0.920000, 1.000000)
MtrlShininess=32.000000
PrimitiveType=POINT
position=(0.000000, 0.000000, 0.000000)
[BLOBNODE 5]
IsOperator=0
AffineScale=(1.000000, 1.000000, 1.000000)
AffineRotate=(0.000000, 0.000000, 0.000000, 1.000000)
AffineTranslate=(1.756064, 2.550936, -0.225071)
MtrlAmbient=(0.076471, 0.300000, 0.121569, 0.500000)
MtrlDiffused=(0.152941, 0.600000, 0.243137, 1.000000)
MtrlSpecular=(0.830588, 0.920000, 0.848627, 1.000000)
MtrlShininess=32.000000
PrimitiveType=POINT
position=(0.000000, 0.000000, 0.000000)
[BLOBNODE 6]
IsOperator=0
AffineScale=(1.000000, 1.000000, 1.000000)
AffineRotate=(0.000000, 0.000000, 0.000000, 1.000000)
AffineTranslate=(0.000000, 0.000000, 0.000000)
MtrlAmbient=(0.000000, 0.000000, 0.000000, 0.000000)
MtrlDiffused=(0.000000, 0.000000, 0.000000, 0.000000)
MtrlSpecular=(0.000000, 0.000000, 0.000000, 0.000000)
MtrlShininess=0.000000
PrimitiveType=NULL
[Global]
FileVersion=6
NumLayers=1
CurrentLayer=1
CountPrimitives=4
CountOperators=3
Depth=3
RootIDs=(0)
